"","BTC","ETH","XRP","USDT","BCH","BSV","LTC","EOS","BNB","XTZ","LINK","XLM","XMR","ADA","HT","TRX","USDC","DASH","CRO","ETC","NEO","MIOTA","XEM","ZEC","INO","MKR","ONT","PAX","DOGE","BAT","VET","BTG","TUSD","DCR","QTUM","INB","THR","ZB","ZRX","CNX","REP","WAVES","PZM","RVN","SNX","OMG","NANO","CENNZ","HOT","SEELE"
"BTC",1,0.823005777571443,0.699096686011096,0.471144676538354,0.835380524936825,0.366914238069335,0.703872554881064,0.714959466703392,0.55314341121241,0.600655659918185,0.338816749551091,0.682168261835897,0.748908423506757,0.675148222067232,0.36370367242743,0.664616239447247,-0.0418773353492385,0.810391544215007,0.326895821604036,0.628990202182831,0.750505632788633,0.674144945773295,0.665144491441921,0.698260985073355,0.241104237472785,0.716547493386406,0.728987144027501,0.231484663285422,0.606668002013605,0.396665409650254,0.487593259090918,0.685056466208914,0.0106520393254137,0.766802893609403,0.764843800423337,-0.239775019692305,0.960941140595122,0.358338943624868,0.604555400063294,0.461341043032503,0.661203047232583,0.539010217784105,0.205380468740715,0.373953986907668,0.429802473101847,0.719938658283017,0.5223206901587,0.348040666217416,0.436719440137636,0.340470749834141
"ETH",0.823005777571443,1,0.812465862550231,0.359254721973655,0.849822981898476,0.420901868719103,0.807481839373467,0.841739993470552,0.615840820768278,0.614773040214058,0.443432282059367,0.829059776257941,0.775615663651973,0.839202570606497,0.426061741130237,0.785679214021987,-0.0231895750394159,0.848965368020102,0.226740652404991,0.747079882886571,0.821423457226799,0.792642355532673,0.832794916072727,0.799835382719527,0.209160997510906,0.785582879427452,0.785417601018556,0.15993092434979,0.678941678751724,0.537575380837221,0.601965549977603,0.663578753911104,-0.0521647676969055,0.710284635430944,0.804298376583245,-0.162164532851178,0.795054315588429,0.493856252277983,0.750295300668939,0.385753021739408,0.737852556734945,0.568971506430289,0.223895213604982,0.535137758365451,0.431246836941796,0.829524483028736,0.638853977143106,0.398553228073971,0.549628197220322,0.312136245988415
"XRP",0.699096686011096,0.812465862550231,1,0.277530680196085,0.750906100803943,0.412352618530301,0.734897572516681,0.796882480617883,0.496132752112924,0.636947772649449,0.407375767937479,0.839570701373005,0.738583495478826,0.862390764366792,0.461720612946761,0.786841079165596,0.000426753488395066,0.752452154758184,0.124004738827274,0.719150547916242,0.783101087627457,0.82257692018816,0.661061000583677,0.720695365256074,0.191848966844684,0.702896660632453,0.820456526633155,0.0259110523004964,0.635745159241932,0.51849801487917,0.561584062636584,0.623462711253311,0.0452989825338719,0.594849354770553,0.750127176968177,-0.172853974001437,0.622609801234186,0.422461729092287,0.737613574750315,0.284545127271505,0.653350148580779,0.580809980257839,0.195075385490783,0.534293865184755,0.442235591149526,0.737655871608958,0.610643058840272,0.275208751922525,0.501890100612554,0.231556458628183
"USDT",0.471144676538354,0.359254721973655,0.277530680196085,1,0.406402976559556,0.30650731609718,0.377647832438945,0.363432394716437,0.341004898731102,0.317289995896541,0.166537893858914,0.300578077345019,0.434549139976939,0.314501253623073,0.185151455868365,0.311400046584575,0.0989741734695643,0.393938090803823,0.183711608759021,0.3221000375851,0.34716767690124,0.400912429848666,0.342434037359566,0.405364175319313,0.133134145287291,0.362700338285539,0.356818570547269,0.305380992624146,0.369112828751944,0.247569508742142,0.315131377554981,0.449225015536375,0.170842986220248,0.386997785450486,0.415008781247981,-0.160071953978448,0.484912794209728,0.249123030146106,0.381171299933575,0.284993972571903,0.362842721817246,0.299821041375884,0.169973304117591,0.246288556529035,0.244897701502679,0.358434262507702,0.392407457052973,0.0772550278420602,0.221122427754096,0.346988772686282
"BCH",0.835380524936825,0.849822981898476,0.750906100803943,0.406402976559556,1,0.474263437031301,0.77876763630844,0.835915266838616,0.575376436650121,0.591129883094571,0.392581558371342,0.756246328559475,0.745631812423809,0.779435217837555,0.376710156082219,0.705136881106307,-0.131198278484109,0.819014963214839,0.194719686024939,0.729730432522219,0.789361587184912,0.766746095606863,0.732647624614274,0.695361032687315,0.174098850461725,0.692476050345102,0.792132782067353,0.124792523956441,0.622190077713896,0.492646664937897,0.535081983988709,0.712072283849638,-0.0983775478046816,0.689213550186762,0.750792021052992,-0.150583917561134,0.805658879007483,0.424673927735415,0.70276380466751,0.350299683531007,0.661144346390507,0.603785528645519,0.211983635050956,0.452809613320295,0.370458083822436,0.754732166909665,0.630508816177516,0.398737824961073,0.50904100309085,0.20539612192965
"BSV",0.366914238069335,0.420901868719103,0.412352618530301,0.30650731609718,0.474263437031301,1,0.392068738061803,0.434532758496261,0.413160817252604,0.31541499606056,0.236716380743498,0.401473137933336,0.403767944446769,0.383904362417688,0.271691994674583,0.463643035600588,-0.113767786964578,0.41674792120654,0.167861089886038,0.398803635221636,0.487584996977325,0.551935321979012,0.312135141112165,0.373582585616116,0.0153266513996542,0.44062568893067,0.488369571696422,0.0862842791489003,0.329983262312984,0.331673643555536,0.361556055943648,0.556385063048972,0.0661007379554885,0.370622768577781,0.455949441425055,-0.0823063568476323,0.308219338629454,0.241213261946107,0.467149208375986,0.174383309855955,0.401170454443474,0.2792754393015,0.136260172465407,0.409236237786449,0.0761258954608786,0.485360484260824,0.421210339244734,0.176142047089493,0.395246904754168,0.153634882807927
"LTC",0.703872554881064,0.807481839373467,0.734897572516681,0.377647832438945,0.77876763630844,0.392068738061803,1,0.821918919103908,0.620280334091121,0.590127972707858,0.359465005050791,0.770001872735262,0.744157332824844,0.801095023584092,0.506051886120913,0.751937449866385,-0.0932825749490234,0.763512613880115,0.260381359076741,0.703652905811345,0.771470241449617,0.751541748098709,0.685407889920328,0.724592429833916,0.272564943617316,0.723379261548102,0.780198636396113,0.14117404070759,0.620096699423358,0.583202275076647,0.569037583764463,0.676345036900955,-0.0841358413988736,0.687496620118403,0.744849465311765,-0.108510800573338,0.669196903556958,0.502986461440908,0.729776774661099,0.357263206734148,0.694157911970664,0.494083304058059,0.183881549546585,0.549969878461195,0.379363903605688,0.75108445950768,0.642065532362757,0.364995229855961,0.481537858657675,0.252577201198884
"EOS",0.714959466703392,0.841739993470552,0.796882480617883,0.363432394716437,0.835915266838616,0.434532758496261,0.821918919103908,1,0.536831508259201,0.547563674630633,0.435169442376729,0.765228494753644,0.746438271020725,0.82805141423028,0.431309368889112,0.768072079874188,-0.0132678067964028,0.779518078729867,0.160164842847837,0.730196181329671,0.787844687198185,0.822335320136684,0.743467035552059,0.723894421584051,0.196368295313665,0.7156723104335,0.841193220149968,0.095413949684231,0.658109786035364,0.524034354270647,0.601724261398968,0.643073985002783,-0.0358475556396124,0.632899454335791,0.75911752407362,-0.139654351301567,0.685428202303309,0.476520404188413,0.730895748113322,0.354664817415016,0.689464852537289,0.582205608532826,0.217911490848267,0.481770790436718,0.421857982825608,0.794021973991968,0.6624232674462,0.359621973073246,0.549794032463582,0.230657474391854
"BNB",0.55314341121241,0.615840820768278,0.496132752112924,0.341004898731102,0.575376436650121,0.413160817252604,0.620280334091121,0.536831508259201,1,0.546913264917279,0.309541926583153,0.61132465979505,0.66421305952523,0.574227459464966,0.603178015885372,0.573027682547607,0.0316949715129406,0.638501131961199,0.147907326322933,0.570533384587898,0.558227465994762,0.604970848008281,0.536135361905264,0.633945644529815,0.170921720770169,0.607946725370015,0.567522535088531,0.253446020990908,0.511439647734874,0.545769950436015,0.465048244000526,0.524085488487721,0.0244241821578926,0.571137736800642,0.544205818857815,-0.0444380024928484,0.536954205357758,0.508579107425443,0.626707136782274,0.284577629646323,0.649032542944295,0.365380309965988,0.0352055767268944,0.545039594411207,0.295795117512257,0.577635530951114,0.537899169082848,0.269680898869145,0.488561484190119,0.134031459741384
"XTZ",0.600655659918185,0.614773040214058,0.636947772649449,0.317289995896541,0.591129883094571,0.31541499606056,0.590127972707858,0.547563674630633,0.546913264917279,1,0.263608768212907,0.64680583427929,0.591297368747805,0.60586174389947,0.489633731679514,0.566834811576193,0.00834984879501794,0.583967843694785,0.3021940078059,0.584639952833333,0.599157244140112,0.594684018026975,0.574027073144635,0.552372807717879,0.176453342765181,0.658339439859112,0.584827684283093,0.100660637457006,0.552297250751549,0.365368865986609,0.413141794071549,0.457158437512857,-0.0438675265416388,0.556948843889705,0.55485534382278,-0.0612367894163288,0.548427367978706,0.395068846332868,0.595736260844467,0.232320459773101,0.567138891254769,0.478892572449157,0.152744622633284,0.442043854165569,0.303694967007561,0.583310305851733,0.507425729863711,0.226726053757814,0.410261357748851,0.203189987685819
"LINK",0.338816749551091,0.443432282059367,0.407375767937479,0.166537893858914,0.392581558371342,0.236716380743498,0.359465005050791,0.435169442376729,0.309541926583153,0.263608768212907,1,0.386772715388968,0.322689793231474,0.363622809456879,0.3110449957914,0.390477082167597,0.0201249115063315,0.410043819875206,0.147925463883359,0.31413733361491,0.464588902825393,0.392984127781625,0.400553477167639,0.393678046973832,0.0404205479693814,0.324952406071092,0.460882563718935,-0.0315805154083178,0.308437141537468,0.330236677259515,0.490293153225365,0.311329813473084,-0.0799836429912549,0.308879565394527,0.524241626887625,-0.169787130544459,0.341789048732553,0.25915294928446,0.329595295643506,0.113573766360256,0.35750567555539,0.340553464768943,0.204409666558354,0.229098414355554,0.0832500899858436,0.470168675646712,0.396901921011625,0.166487642615387,0.367818638218098,0.288734179588875
"XLM",0.682168261835897,0.829059776257941,0.839570701373005,0.300578077345019,0.756246328559475,0.401473137933336,0.770001872735262,0.765228494753644,0.61132465979505,0.64680583427929,0.386772715388968,1,0.776639632947636,0.86042823630868,0.517059580013799,0.79397958953151,-0.0546076400199723,0.781768946660613,0.134662997824273,0.733698382900389,0.790275086808042,0.797836562633364,0.756288188542769,0.756983121371802,0.250972704043342,0.736187315903368,0.750146432238397,0.0592191483557399,0.642635846522971,0.577107402528769,0.605761010014706,0.590745813947385,-0.0436698577634398,0.668950873173007,0.764310679754279,-0.14806107122139,0.623263515836887,0.432884225706469,0.766173152524415,0.277677956241471,0.723893063180847,0.611325777004978,0.179630107976,0.642294695035967,0.42674483903735,0.766626395634705,0.604296631380741,0.35817056113116,0.553258611968464,0.243060094069253
"XMR",0.748908423506757,0.775615663651973,0.738583495478826,0.434549139976939,0.745631812423809,0.403767944446769,0.744157332824844,0.746438271020725,0.66421305952523,0.591297368747805,0.322689793231474,0.776639632947636,1,0.751265515795494,0.478097466861659,0.76387368128333,-0.0300183642057944,0.813244703651641,0.215797452986805,0.66288296909737,0.744268744146353,0.722105187745164,0.658781709047476,0.736861421587653,0.257420469332807,0.738567069010135,0.727213853506004,0.104138435135,0.654477675610384,0.589303777190007,0.541274554514535,0.63928689025068,-0.0179267730094219,0.707906770187017,0.685529083163246,-0.103308789738537,0.690701761312607,0.479106864874642,0.743564934684817,0.36759011389001,0.751536384993851,0.620575593565425,0.233159403111429,0.555742593081703,0.431340243297654,0.674693357013888,0.610597570174434,0.352400111133249,0.511907245873035,0.210412972975756
"ADA",0.675148222067232,0.839202570606497,0.862390764366792,0.314501253623073,0.779435217837555,0.383904362417688,0.801095023584092,0.82805141423028,0.574227459464966,0.60586174389947,0.363622809456879,0.86042823630868,0.751265515795494,1,0.47604236633355,0.842996249844656,-0.0466122219100281,0.770436892433711,0.176346810483435,0.744544560903899,0.81775161627878,0.834934669047379,0.720378150702948,0.790566844923908,0.23989042749237,0.72847419654364,0.824327591082665,0.0838850790049232,0.621677091551498,0.623883147519123,0.600585966805239,0.626300935492785,-0.0387800772111601,0.639144598237933,0.754919850361949,-0.0880216939636307,0.62421635767778,0.450867137617025,0.780048646239145,0.279371487825965,0.718054883958725,0.610661404796098,0.235924156308407,0.597530417301768,0.422994278346179,0.788175397640207,0.621988329178982,0.309557085419856,0.58985135189612,0.250463781643436
"HT",0.36370367242743,0.426061741130237,0.461720612946761,0.185151455868365,0.376710156082219,0.271691994674583,0.506051886120913,0.431309368889112,0.603178015885372,0.489633731679514,0.3110449957914,0.517059580013799,0.478097466861659,0.47604236633355,1,0.459371663576846,-0.0193845039401089,0.397713077961648,0.122698612380409,0.464181533685837,0.419131068392651,0.451256787299458,0.341117114574797,0.429839738197828,0.180162221741476,0.432193303816518,0.453034956970623,0.0537806730425768,0.409445910261388,0.349835010053987,0.48551577229917,0.390274262936303,-0.0367248846573925,0.478777077348735,0.454002432481373,-0.0188150615721811,0.294794584695782,0.538440093427403,0.563238917755591,0.175339292317477,0.508614825896493,0.38552683981288,0.0443988994189776,0.532164601670464,0.193898179086437,0.491031626816496,0.434778713168262,0.182727163158393,0.377654357726397,0.226728634123021
"TRX",0.664616239447247,0.785679214021987,0.786841079165596,0.311400046584575,0.705136881106307,0.463643035600588,0.751937449866385,0.768072079874188,0.573027682547607,0.566834811576193,0.390477082167597,0.79397958953151,0.76387368128333,0.842996249844656,0.459371663576846,1,0.024731402007462,0.748493033562984,0.173928023135028,0.677485550360685,0.809152240476097,0.780892324498852,0.612953857700424,0.70639358768217,0.196524810364586,0.701061326519789,0.76724510175813,0.0722267565999276,0.613939368287617,0.61520765578547,0.626402843106156,0.593278163972362,0.0131696904120696,0.625046527886847,0.782806982845645,-0.0893029522497194,0.60809173850715,0.448252955773334,0.710734027472551,0.247295383599913,0.71921472904111,0.553576439292192,0.24762180718971,0.615764869166592,0.378718746890626,0.763672082308875,0.612218847531844,0.324883633081895,0.562380925295906,0.236570137816809
"USDC",-0.0418773353492385,-0.0231895750394159,0.000426753488395066,0.0989741734695643,-0.131198278484109,-0.113767786964578,-0.0932825749490234,-0.0132678067964028,0.0316949715129406,0.00834984879501794,0.0201249115063315,-0.0546076400199723,-0.0300183642057944,-0.0466122219100281,-0.0193845039401089,0.024731402007462,1,0.00263169097537401,-0.054036650359098,-0.0233825217618626,-0.0115043277229842,0.0508960703163794,0.0210811555008712,-0.00550077482976874,0.00623701671244664,-0.0534004444779725,0.00391366164771543,0.401149679699042,0.0349027711641146,0.189372614978965,0.00552194918344763,-0.084518594675879,0.425678884023724,-0.0871077334108161,0.0380366817611636,-0.0415092118396174,-0.0581733318778927,0.00674601370627511,-0.0413360131792261,-0.0303730847041068,-0.0613887353555298,-0.101964771897033,0.057479039813309,0.0063237674718881,0.219879987693766,-0.00221403322879628,-0.0137786086294533,-0.130258657453275,0.143215388534657,-0.161559528290191
"DASH",0.810391544215007,0.848965368020102,0.752452154758184,0.393938090803823,0.819014963214839,0.41674792120654,0.763512613880115,0.779518078729867,0.638501131961199,0.583967843694785,0.410043819875206,0.781768946660613,0.813244703651641,0.770436892433711,0.397713077961648,0.748493033562984,0.00263169097537401,1,0.291247103587944,0.709536947450706,0.804356830546662,0.769002644211083,0.702017185456792,0.777001370983132,0.289803771807671,0.77022144427154,0.775537053325836,0.152826044581313,0.649461442601372,0.544811821603829,0.57945217401052,0.656087409079132,0.0443124488016109,0.683055523041498,0.789131551522025,-0.14278935506056,0.762743432571135,0.445310284848555,0.698478976612077,0.427554216925039,0.723893257581491,0.534331257412711,0.221551127814891,0.485253498300876,0.448279406878042,0.754510572024289,0.611316954632089,0.357834809628625,0.546144341551885,0.240577822458066
"CRO",0.326895821604036,0.226740652404991,0.124004738827274,0.183711608759021,0.194719686024939,0.167861089886038,0.260381359076741,0.160164842847837,0.147907326322933,0.3021940078059,0.147925463883359,0.134662997824273,0.215797452986805,0.176346810483435,0.122698612380409,0.173928023135028,-0.054036650359098,0.291247103587944,1,0.250430232022935,0.289762729737144,0.171565025484749,0.194076578709069,0.224418644088934,0.208026603796485,0.305755996819077,0.277579771120336,0.08358220098308,0.121109438922622,0.170123552458907,0.291626275924822,0.261760191848492,0.0032530031484849,0.262746681456737,0.296021518595492,-0.085663402533129,0.278386037557686,-0.0516821928900591,0.177924828961239,0.16446701694457,0.203801186611089,0.148847725674788,0.139535909190456,0.126862866378553,0.1387425595006,0.282669520776213,0.0875038573670161,0.142007308271853,0.231126885689069,0.112646086800745
"ETC",0.628990202182831,0.747079882886571,0.719150547916242,0.3221000375851,0.729730432522219,0.398803635221636,0.703652905811345,0.730196181329671,0.570533384587898,0.584639952833333,0.31413733361491,0.733698382900389,0.66288296909737,0.744544560903899,0.464181533685837,0.677485550360685,-0.0233825217618626,0.709536947450706,0.250430232022935,1,0.696990289882567,0.743322547163361,0.702200924871807,0.666724009086542,0.157908148188291,0.66579997209329,0.700351523419526,0.158882120788886,0.603168208362786,0.532994815575194,0.549033411343447,0.608375563092479,-0.0521490055869408,0.593930366330115,0.684068019593353,-0.192342286374914,0.577184370426338,0.441889245975341,0.68839030582299,0.265781504687713,0.672332741025675,0.541692842102671,0.168378864569658,0.573615720022252,0.340729969427325,0.724104470514734,0.618534021700681,0.363160750182561,0.478760322278021,0.173688507686899
"NEO",0.750505632788633,0.821423457226799,0.783101087627457,0.34716767690124,0.789361587184912,0.487584996977325,0.771470241449617,0.787844687198185,0.558227465994762,0.599157244140112,0.464588902825393,0.790275086808042,0.744268744146353,0.81775161627878,0.419131068392651,0.809152240476097,-0.0115043277229842,0.804356830546662,0.289762729737144,0.696990289882567,1,0.830335035294898,0.712168506805164,0.729899472038148,0.0968720752532204,0.740602512719625,0.880881688260302,0.150293148174152,0.640161666732811,0.580725932195598,0.627974420271868,0.65346122485322,-0.00443564141558736,0.628069201500689,0.865181300328419,-0.0574008592987861,0.690147046500765,0.400150161900023,0.758898646661284,0.264135727935046,0.719421972905748,0.558941394763587,0.227242078607353,0.564121962594353,0.386940454861266,0.83765735659929,0.614114073570288,0.304064773453189,0.639477631809159,0.285982622512881
"MIOTA",0.674144945773295,0.792642355532673,0.82257692018816,0.400912429848666,0.766746095606863,0.551935321979012,0.751541748098709,0.822335320136684,0.604970848008281,0.594684018026975,0.392984127781625,0.797836562633364,0.722105187745164,0.834934669047379,0.451256787299458,0.780892324498852,0.0508960703163794,0.769002644211083,0.171565025484749,0.743322547163361,0.830335035294898,1,0.722771897451918,0.779782967796517,0.170216770803972,0.729106532564118,0.820961787317493,0.164299860239941,0.609708716416544,0.638108502961617,0.554372464491319,0.648899064360796,0.0629418827786943,0.610567426458403,0.751163591775377,-0.0852578720854991,0.617621712426904,0.407789869328371,0.771384719935038,0.278801506402154,0.740005026341763,0.525375683777484,0.192967150423862,0.591407660583357,0.398154619011131,0.795826826352538,0.686612344402475,0.270945887261439,0.622954399074669,0.223905732748308
"XEM",0.665144491441921,0.832794916072727,0.661061000583677,0.342434037359566,0.732647624614274,0.312135141112165,0.685407889920328,0.743467035552059,0.536135361905264,0.574027073144635,0.400553477167639,0.756288188542769,0.658781709047476,0.720378150702948,0.341117114574797,0.612953857700424,0.0210811555008712,0.702017185456792,0.194076578709069,0.702200924871807,0.712168506805164,0.722771897451918,1,0.701851308136324,0.161907302915398,0.655364107694381,0.680913467497031,0.122136829137844,0.59924228824067,0.52521799219813,0.558558488494375,0.552990215674089,-0.0113148892767163,0.639463232070645,0.689213053934154,-0.142760654089392,0.664228008605042,0.433919083934011,0.717118703551328,0.280270159606343,0.642901330977671,0.468337590162994,0.228779937985082,0.491374838270073,0.357135254021937,0.716172458154246,0.55180103703102,0.345806643030172,0.500919246201774,0.228287185301264
"ZEC",0.698260985073355,0.799835382719527,0.720695365256074,0.405364175319313,0.695361032687315,0.373582585616116,0.724592429833916,0.723894421584051,0.633945644529815,0.552372807717879,0.393678046973832,0.756983121371802,0.736861421587653,0.790566844923908,0.429839738197828,0.70639358768217,-0.00550077482976874,0.777001370983132,0.224418644088934,0.666724009086542,0.729899472038148,0.779782967796517,0.701851308136324,1,0.209920824632845,0.686004582580445,0.678028437695583,0.116261824754672,0.605603444513732,0.56448464372004,0.506514324890352,0.59160334677185,-0.0291759574928171,0.666010108116374,0.675492237065025,-0.0868476776786548,0.650681583593856,0.43346366235267,0.683670483610075,0.320066639798542,0.697620085893521,0.538878525209364,0.20204614556,0.516880996588319,0.466021447082181,0.726853499505683,0.586507642262295,0.319404111526154,0.557339445117899,0.328889368516455
"INO",0.241104237472785,0.209160997510906,0.191848966844684,0.133134145287291,0.174098850461725,0.0153266513996542,0.272564943617316,0.196368295313665,0.170921720770169,0.176453342765181,0.0404205479693814,0.250972704043342,0.257420469332807,0.23989042749237,0.180162221741476,0.196524810364586,0.00623701671244664,0.289803771807671,0.208026603796485,0.157908148188291,0.0968720752532204,0.170216770803972,0.161907302915398,0.209920824632845,1,0.208426297661396,0.14691399385264,-0.0443931531020888,0.229650545977989,0.1833170510349,0.148827741832078,0.188169178189731,0.0324575051925885,0.2539436725827,0.173779435882694,-0.0219463609352012,0.208348422521315,0.186328093286784,0.197153529997119,0.262446377984604,0.252300930456009,0.0270866569639003,0.0968473484471237,0.095932399269431,0.271874572064466,0.134788054730787,0.0565916778335642,0.137771255810351,0.0339512444856658,0.216634291124454
"MKR",0.716547493386406,0.785582879427452,0.702896660632453,0.362700338285539,0.692476050345102,0.44062568893067,0.723379261548102,0.7156723104335,0.607946725370015,0.658339439859112,0.324952406071092,0.736187315903368,0.738567069010135,0.72847419654364,0.432193303816518,0.701061326519789,-0.0534004444779725,0.77022144427154,0.305755996819077,0.66579997209329,0.740602512719625,0.729106532564118,0.655364107694381,0.686004582580445,0.208426297661396,1,0.727375768891468,0.135648091108826,0.622338656632287,0.483587321736888,0.529460340791675,0.570646494010209,0.00380297694291425,0.664823221487455,0.714827029724386,-0.177342538605953,0.646829737463819,0.354197694295164,0.739387123838674,0.292023105232371,0.732953199912496,0.506827301996182,0.154472552896086,0.506089849368609,0.393670314494246,0.765716996722726,0.585031657411202,0.333575911869273,0.513510169425577,0.321328091873309
"ONT",0.728987144027501,0.785417601018556,0.820456526633155,0.356818570547269,0.792132782067353,0.488369571696422,0.780198636396113,0.841193220149968,0.567522535088531,0.584827684283093,0.460882563718935,0.750146432238397,0.727213853506004,0.824327591082665,0.453034956970623,0.76724510175813,0.00391366164771543,0.775537053325836,0.277579771120336,0.700351523419526,0.880881688260302,0.820961787317493,0.680913467497031,0.678028437695583,0.14691399385264,0.727375768891468,1,0.0823471656585508,0.627588912463053,0.555798663868152,0.699243510504275,0.644442633451505,-0.000144228223347308,0.640389512661975,0.837939682492267,-0.13875127143735,0.648020418871385,0.384862954725445,0.736167167758149,0.359989443200454,0.70237536669412,0.547152081318431,0.244495807089888,0.563587500071059,0.36381705680701,0.820413849219959,0.660271764875794,0.306475276770485,0.56686766398018,0.231246178844777
"PAX",0.231484663285422,0.15993092434979,0.0259110523004964,0.305380992624146,0.124792523956441,0.0862842791489003,0.14117404070759,0.095413949684231,0.253446020990908,0.100660637457006,-0.0315805154083178,0.0592191483557399,0.104138435135,0.0838850790049232,0.0537806730425768,0.0722267565999276,0.401149679699042,0.152826044581313,0.08358220098308,0.158882120788886,0.150293148174152,0.164299860239941,0.122136829137844,0.116261824754672,-0.0443931531020888,0.135648091108826,0.0823471656585508,1,0.0769749481420612,0.22685019747511,0.0270622386272668,0.196001134009025,0.335384566286442,0.139947535584925,0.173945821204223,-0.132254645400472,0.29083989029629,0.0504963971656488,0.154372045234506,0.0242671947477181,0.176655751294393,0.00489735671537901,-0.0659687957073112,0.103097165818779,0.0439284131428857,0.150817418335719,0.154606291157553,0.0615920533115707,0.195114951586072,-0.0494492353563003
"DOGE",0.606668002013605,0.678941678751724,0.635745159241932,0.369112828751944,0.622190077713896,0.329983262312984,0.620096699423358,0.658109786035364,0.511439647734874,0.552297250751549,0.308437141537468,0.642635846522971,0.654477675610384,0.621677091551498,0.409445910261388,0.613939368287617,0.0349027711641146,0.649461442601372,0.121109438922622,0.603168208362786,0.640161666732811,0.609708716416544,0.59924228824067,0.605603444513732,0.229650545977989,0.622338656632287,0.627588912463053,0.0769749481420612,1,0.388816872951287,0.526465577245837,0.534245235356807,-0.284361691266279,0.582134136058541,0.606545693002322,-0.0484644344111333,0.551861382359482,0.460202031205931,0.637943470089696,0.158405432406562,0.590094799642577,0.38419476872563,0.238014750847039,0.411445123548733,0.386650722515676,0.57379630111277,0.511712723709846,0.242041797638024,0.444144989100014,0.275343987473266
"BAT",0.396665409650254,0.537575380837221,0.51849801487917,0.247569508742142,0.492646664937897,0.331673643555536,0.583202275076647,0.524034354270647,0.545769950436015,0.365368865986609,0.330236677259515,0.577107402528769,0.589303777190007,0.623883147519123,0.349835010053987,0.61520765578547,0.189372614978965,0.544811821603829,0.170123552458907,0.532994815575194,0.580725932195598,0.638108502961617,0.52521799219813,0.56448464372004,0.1833170510349,0.483587321736888,0.555798663868152,0.22685019747511,0.388816872951287,1,0.462665645348017,0.39949287205387,0.0436085037913092,0.397362556087146,0.514700893727503,-0.0447359257172657,0.373688650458059,0.38260632367359,0.658863390909906,0.170309163377441,0.582525148373492,0.315581496472858,0.176178595926365,0.579164761054969,0.217112953823215,0.510542958851709,0.505588816374821,0.156744375225709,0.478241531467105,0.0836818272310253
"VET",0.487593259090918,0.601965549977603,0.561584062636584,0.315131377554981,0.535081983988709,0.361556055943648,0.569037583764463,0.601724261398968,0.465048244000526,0.413141794071549,0.490293153225365,0.605761010014706,0.541274554514535,0.600585966805239,0.48551577229917,0.626402843106156,0.00552194918344763,0.57945217401052,0.291626275924822,0.549033411343447,0.627974420271868,0.554372464491319,0.558558488494375,0.506514324890352,0.148827741832078,0.529460340791675,0.699243510504275,0.0270622386272668,0.526465577245837,0.462665645348017,1,0.467732734118128,-0.03800958006137,0.467247639324129,0.747177120836153,-0.0883916175449701,0.452970293805437,0.470246242403496,0.608005253567224,0.218279637092234,0.567949221713181,0.482590327996261,0.149020728587853,0.5349568069649,0.283802167262778,0.684748647916151,0.51763876561522,0.217686226263913,0.437212039270928,0.255951445850477
"BTG",0.685056466208914,0.663578753911104,0.623462711253311,0.449225015536375,0.712072283849638,0.556385063048972,0.676345036900955,0.643073985002783,0.524085488487721,0.457158437512857,0.311329813473084,0.590745813947385,0.63928689025068,0.626300935492785,0.390274262936303,0.593278163972362,-0.084518594675879,0.656087409079132,0.261760191848492,0.608375563092479,0.65346122485322,0.648899064360796,0.552990215674089,0.59160334677185,0.188169178189731,0.570646494010209,0.644442633451505,0.196001134009025,0.534245235356807,0.39949287205387,0.467732734118128,1,-0.0223214533129668,0.624489084300691,0.648791270533967,-0.198682283827932,0.634943252306481,0.320654189569354,0.611092365202988,0.286899704028635,0.578710758939206,0.487413132331683,0.117681833325316,0.472316601299914,0.268995584706699,0.654814750697668,0.498946459118283,0.269104472970364,0.418023773275613,0.218913925979277
"TUSD",0.0106520393254137,-0.0521647676969055,0.0452989825338719,0.170842986220248,-0.0983775478046816,0.0661007379554885,-0.0841358413988736,-0.0358475556396124,0.0244241821578926,-0.0438675265416388,-0.0799836429912549,-0.0436698577634398,-0.0179267730094219,-0.0387800772111601,-0.0367248846573925,0.0131696904120696,0.425678884023724,0.0443124488016109,0.0032530031484849,-0.0521490055869408,-0.00443564141558736,0.0629418827786943,-0.0113148892767163,-0.0291759574928171,0.0324575051925885,0.00380297694291425,-0.000144228223347308,0.335384566286442,-0.284361691266279,0.0436085037913092,-0.03800958006137,-0.0223214533129668,1,-0.0152437617241698,0.0700803997900378,-0.00523217573098466,0.010544651894457,0.0299508017670775,-0.0250184780691227,0.181980235865186,0.00142286617678824,-0.00739772440622738,-0.033602844941581,0.0108527161152912,0.0356857687864527,0.000465676009799056,0.00722659507448447,-0.102366671804008,-0.00586352239159643,-0.0809323242243543
"DCR",0.766802893609403,0.710284635430944,0.594849354770553,0.386997785450486,0.689213550186762,0.370622768577781,0.687496620118403,0.632899454335791,0.571137736800642,0.556948843889705,0.308879565394527,0.668950873173007,0.707906770187017,0.639144598237933,0.478777077348735,0.625046527886847,-0.0871077334108161,0.683055523041498,0.262746681456737,0.593930366330115,0.628069201500689,0.610567426458403,0.639463232070645,0.666010108116374,0.2539436725827,0.664823221487455,0.640389512661975,0.139947535584925,0.582134136058541,0.397362556087146,0.467247639324129,0.624489084300691,-0.0152437617241698,1,0.649291811983796,-0.192440569002639,0.690254596849836,0.357738170796535,0.62552448502253,0.422515180446194,0.645112834904911,0.477247269434487,0.210904532940572,0.476550208056384,0.352589069750543,0.683226232678888,0.538413686602759,0.366909707360007,0.396557814473484,0.301924505605338
"QTUM",0.764843800423337,0.804298376583245,0.750127176968177,0.415008781247981,0.750792021052992,0.455949441425055,0.744849465311765,0.75911752407362,0.544205818857815,0.55485534382278,0.524241626887625,0.764310679754279,0.685529083163246,0.754919850361949,0.454002432481373,0.782806982845645,0.0380366817611636,0.789131551522025,0.296021518595492,0.684068019593353,0.865181300328419,0.751163591775377,0.689213053934154,0.675492237065025,0.173779435882694,0.714827029724386,0.837939682492267,0.173945821204223,0.606545693002322,0.514700893727503,0.747177120836153,0.648791270533967,0.0700803997900378,0.649291811983796,1,-0.266757691668018,0.713841781363448,0.373613828077074,0.674354991046205,0.36184743190542,0.656345291640413,0.574718870783902,0.229754101723591,0.550916455001257,0.378879530781429,0.881453996071419,0.595927221763236,0.347872911388406,0.538924115281714,0.422770290756588
"INB",-0.239775019692305,-0.162164532851178,-0.172853974001437,-0.160071953978448,-0.150583917561134,-0.0823063568476323,-0.108510800573338,-0.139654351301567,-0.0444380024928484,-0.0612367894163288,-0.169787130544459,-0.14806107122139,-0.103308789738537,-0.0880216939636307,-0.0188150615721811,-0.0893029522497194,-0.0415092118396174,-0.14278935506056,-0.085663402533129,-0.192342286374914,-0.0574008592987861,-0.0852578720854991,-0.142760654089392,-0.0868476776786548,-0.0219463609352012,-0.177342538605953,-0.13875127143735,-0.132254645400472,-0.0484644344111333,-0.0447359257172657,-0.0883916175449701,-0.198682283827932,-0.00523217573098466,-0.192440569002639,-0.266757691668018,1,-0.231144862377185,0.326710192539415,0.029755657381984,-0.123798188269686,-0.0060135540140434,-0.287138029258731,-0.159673111240488,-0.0033549417339036,-0.118340098607078,-0.173320493770785,-0.0370485892897126,-0.290805645782368,-0.00718106399441828,-0.303834094932167
"THR",0.960941140595122,0.795054315588429,0.622609801234186,0.484912794209728,0.805658879007483,0.308219338629454,0.669196903556958,0.685428202303309,0.536954205357758,0.548427367978706,0.341789048732553,0.623263515836887,0.690701761312607,0.62421635767778,0.294794584695782,0.60809173850715,-0.0581733318778927,0.762743432571135,0.278386037557686,0.577184370426338,0.690147046500765,0.617621712426904,0.664228008605042,0.650681583593856,0.208348422521315,0.646829737463819,0.648020418871385,0.29083989029629,0.551861382359482,0.373688650458059,0.452970293805437,0.634943252306481,0.010544651894457,0.690254596849836,0.713841781363448,-0.231144862377185,1,0.354097304188559,0.547320886348607,0.439100960977976,0.62601622110086,0.501250406239511,0.175787702794393,0.311029044049285,0.410588218234687,0.652841441131291,0.495781843685054,0.330239524188968,0.404856077850891,0.333854440407954
"ZB",0.358338943624868,0.493856252277983,0.422461729092287,0.249123030146106,0.424673927735415,0.241213261946107,0.502986461440908,0.476520404188413,0.508579107425443,0.395068846332868,0.25915294928446,0.432884225706469,0.479106864874642,0.450867137617025,0.538440093427403,0.448252955773334,0.00674601370627511,0.445310284848555,-0.0516821928900591,0.441889245975341,0.400150161900023,0.407789869328371,0.433919083934011,0.43346366235267,0.186328093286784,0.354197694295164,0.384862954725445,0.0504963971656488,0.460202031205931,0.38260632367359,0.470246242403496,0.320654189569354,0.0299508017670775,0.357738170796535,0.373613828077074,0.326710192539415,0.354097304188559,1,0.529882289310513,0.198525810563125,0.520436309153871,0.173344236095285,0.0477658987575015,0.373761196830398,0.198507405144122,0.461522490494244,0.445486527463185,0.103134875143666,0.296891480620819,0.168371956992546
"ZRX",0.604555400063294,0.750295300668939,0.737613574750315,0.381171299933575,0.70276380466751,0.467149208375986,0.729776774661099,0.730895748113322,0.626707136782274,0.595736260844467,0.329595295643506,0.766173152524415,0.743564934684817,0.780048646239145,0.563238917755591,0.710734027472551,-0.0413360131792261,0.698478976612077,0.177924828961239,0.68839030582299,0.758898646661284,0.771384719935038,0.717118703551328,0.683670483610075,0.197153529997119,0.739387123838674,0.736167167758149,0.154372045234506,0.637943470089696,0.658863390909906,0.608005253567224,0.611092365202988,-0.0250184780691227,0.62552448502253,0.674354991046205,0.029755657381984,0.547320886348607,0.529882289310513,1,0.308164550466781,0.76590039398613,0.560419738236237,0.226668902249605,0.670524008310034,0.363382844270641,0.727998931748607,0.668108165992815,0.230303057777545,0.620385119805547,0.257508971131051
"CNX",0.461341043032503,0.385753021739408,0.284545127271505,0.284993972571903,0.350299683531007,0.174383309855955,0.357263206734148,0.354664817415016,0.284577629646323,0.232320459773101,0.113573766360256,0.277677956241471,0.36759011389001,0.279371487825965,0.175339292317477,0.247295383599913,-0.0303730847041068,0.427554216925039,0.16446701694457,0.265781504687713,0.264135727935046,0.278801506402154,0.280270159606343,0.320066639798542,0.262446377984604,0.292023105232371,0.359989443200454,0.0242671947477181,0.158405432406562,0.170309163377441,0.218279637092234,0.286899704028635,0.181980235865186,0.422515180446194,0.36184743190542,-0.123798188269686,0.439100960977976,0.198525810563125,0.308164550466781,1,0.323441297866941,0.311180851084653,0.172725594188973,0.221074089801652,0.25872128839383,0.292699637366912,0.279839880911452,0.200237002777279,0.122175442101532,0.19786212552844
"REP",0.661203047232583,0.737852556734945,0.653350148580779,0.362842721817246,0.661144346390507,0.401170454443474,0.694157911970664,0.689464852537289,0.649032542944295,0.567138891254769,0.35750567555539,0.723893063180847,0.751536384993851,0.718054883958725,0.508614825896493,0.71921472904111,-0.0613887353555298,0.723893257581491,0.203801186611089,0.672332741025675,0.719421972905748,0.740005026341763,0.642901330977671,0.697620085893521,0.252300930456009,0.732953199912496,0.70237536669412,0.176655751294393,0.590094799642577,0.582525148373492,0.567949221713181,0.578710758939206,0.00142286617678824,0.645112834904911,0.656345291640413,-0.0060135540140434,0.62601622110086,0.520436309153871,0.76590039398613,0.323441297866941,1,0.516011305467074,0.188524097710196,0.613039927745896,0.313790995048513,0.684572840911673,0.625450590357263,0.293158518291582,0.534014492557801,0.296714361345018
"WAVES",0.539010217784105,0.568971506430289,0.580809980257839,0.299821041375884,0.603785528645519,0.2792754393015,0.494083304058059,0.582205608532826,0.365380309965988,0.478892572449157,0.340553464768943,0.611325777004978,0.620575593565425,0.610661404796098,0.38552683981288,0.553576439292192,-0.101964771897033,0.534331257412711,0.148847725674788,0.541692842102671,0.558941394763587,0.525375683777484,0.468337590162994,0.538878525209364,0.0270866569639003,0.506827301996182,0.547152081318431,0.00489735671537901,0.38419476872563,0.315581496472858,0.482590327996261,0.487413132331683,-0.00739772440622738,0.477247269434487,0.574718870783902,-0.287138029258731,0.501250406239511,0.173344236095285,0.560419738236237,0.311180851084653,0.516011305467074,1,0.174884011322557,0.440166443433578,0.337623810070435,0.575493339938676,0.474480638433457,0.250643776262798,0.48421178287866,0.255192902396946
"PZM",0.205380468740715,0.223895213604982,0.195075385490783,0.169973304117591,0.211983635050956,0.136260172465407,0.183881549546585,0.217911490848267,0.0352055767268944,0.152744622633284,0.204409666558354,0.179630107976,0.233159403111429,0.235924156308407,0.0443988994189776,0.24762180718971,0.057479039813309,0.221551127814891,0.139535909190456,0.168378864569658,0.227242078607353,0.192967150423862,0.228779937985082,0.20204614556,0.0968473484471237,0.154472552896086,0.244495807089888,-0.0659687957073112,0.238014750847039,0.176178595926365,0.149020728587853,0.117681833325316,-0.033602844941581,0.210904532940572,0.229754101723591,-0.159673111240488,0.175787702794393,0.0477658987575015,0.226668902249605,0.172725594188973,0.188524097710196,0.174884011322557,1,0.212152700658799,0.190208245717726,0.160436517946899,0.161003846697802,0.190472126327137,0.179474472487862,0.216695501701704
"RVN",0.373953986907668,0.535137758365451,0.534293865184755,0.246288556529035,0.452809613320295,0.409236237786449,0.549969878461195,0.481770790436718,0.545039594411207,0.442043854165569,0.229098414355554,0.642294695035967,0.555742593081703,0.597530417301768,0.532164601670464,0.615764869166592,0.0063237674718881,0.485253498300876,0.126862866378553,0.573615720022252,0.564121962594353,0.591407660583357,0.491374838270073,0.516880996588319,0.095932399269431,0.506089849368609,0.563587500071059,0.103097165818779,0.411445123548733,0.579164761054969,0.5349568069649,0.472316601299914,0.0108527161152912,0.476550208056384,0.550916455001257,-0.0033549417339036,0.311029044049285,0.373761196830398,0.670524008310034,0.221074089801652,0.613039927745896,0.440166443433578,0.212152700658799,1,0.260490940588147,0.57905055276733,0.550972731799852,0.208375830687606,0.489716601659143,0.118194769157972
